TRAINING METRICS (Final Epoch):
=============================
accuracy_score: 0.2811
top_1_accuracy: 0.2811
top_3_accuracy: 0.7432
precision_micro: 0.2811
precision_macro: 0.1977
precision_weighted: 0.2078
recall_micro: 0.2811
recall_macro: 0.2619
recall_weighted: 0.2811
f1_micro: 0.2811
f1_macro: 0.2085
f1_weighted: 0.2223
auc_micro: 0.5159
auc_macro: 0.5155
auc_weighted: 0.5161
loss: 1.4153
y_true: [3, 2, 0, 0, 1, 0, 2, 3, 3, 2, 2, 1, 0, 2, 2, 1, 2, 3, 1, 0, 2, 2, 2, 0, 2, 1, 2, 0, 1, 2, 3, 1, 1, 1, 0, 0, 3, 3, 1, 1, 3, 3, 2, 3, 0, 3, 3, 2, 3, 0, 2, 0, 3, 3, 2, 0, 2, 3, 2, 1, 1, 0, 2, 3, 1, 1, 3, 2, 2, 0, 0, 1, 2, 2, 0, 2, 1, 0, 1, 3, 0, 0, 2, 3, 2, 0, 3, 3, 2, 3, 2, 1, 3, 0, 1, 1, 3, 3, 3, 3, 2, 2, 3, 1, 2, 3, 1, 1, 2, 0, 0, 2, 1, 3, 0, 0, 1, 0, 2, 2, 1, 2, 3, 3, 2, 0, 1, 2, 1, 0, 1, 3, 2, 3, 1, 2, 0, 0, 1, 3, 0, 3, 2, 1, 1, 2, 3, 1, 2, 2, 0, 0, 3, 2, 0, 1, 3, 2, 0, 0, 0, 1, 2, 0, 2, 0, 0, 0, 1, 0, 2, 2, 3, 1, 2, 1, 1, 3, 1, 2, 2, 1, 2, 1, 1, 2, 1, 3, 3, 3, 3, 1, 3, 0, 0, 1, 3, 3, 2, 1, 2, 1, 0, 3, 1, 1, 3, 1, 1, 3, 2, 2, 0, 3, 3, 1, 0, 3, 2, 1, 3, 0, 3, 2, 2, 2, 2, 2, 0, 3, 1, 3, 3, 2, 1, 3, 3, 3, 0, 3, 1, 1, 1, 0, 3, 1, 1, 0, 0, 0, 2, 2, 3, 3, 3, 0, 2, 0, 0, 2, 1, 0, 0, 0, 3, 0, 0, 1, 1, 3, 3, 2, 3, 3, 1, 1, 2, 0, 1, 3, 3, 0, 3, 0, 1, 0, 0, 3, 0, 3, 3, 2, 2, 2, 3, 1, 2, 2, 0, 3, 1, 3, 0, 2, 1, 2, 2, 1, 3, 0, 1, 1, 3, 3, 0, 0, 1, 2, 1, 1, 3, 1, 0, 2, 2, 2, 2, 3, 0, 3, 2, 1, 3, 2, 3, 2, 2, 3, 3, 2, 2, 0, 1, 2, 1, 3, 2, 0, 2, 3, 1, 1, 3, 0, 2, 2, 2, 2, 3, 2, 1, 1, 3, 3, 1, 3, 0, 1, 1, 3]
y_pred: [1, 1, 1, 1, 1, 1, 1, 1, 1, 1, 1, 1, 1, 1, 1, 1, 1, 1, 1, 1, 1, 1, 1, 1, 1, 1, 1, 1, 1, 1, 1, 1, 2, 2, 2, 2, 2, 2, 2, 2, 2, 2, 2, 2, 2, 2, 2, 2, 2, 2, 2, 2, 2, 2, 2, 2, 2, 2, 2, 2, 2, 2, 2, 2, 2, 2, 2, 2, 2, 2, 2, 2, 2, 2, 2, 2, 2, 2, 2, 2, 2, 2, 2, 2, 2, 2, 2, 2, 2, 2, 2, 2, 2, 2, 2, 2, 2, 2, 2, 2, 2, 2, 2, 2, 2, 2, 2, 2, 2, 2, 2, 2, 2, 2, 2, 2, 2, 2, 2, 2, 2, 2, 2, 2, 2, 2, 2, 2, 2, 2, 2, 2, 2, 2, 2, 2, 2, 2, 2, 2, 2, 2, 2, 2, 2, 2, 2, 2, 2, 2, 2, 2, 2, 2, 2, 2, 2, 2, 2, 2, 2, 2, 2, 2, 2, 2, 2, 2, 2, 2, 2, 2, 2, 2, 2, 2, 2, 2, 2, 2, 2, 2, 2, 2, 2, 2, 2, 2, 2, 2, 2, 2, 3, 3, 3, 3, 3, 3, 3, 3, 3, 3, 3, 3, 3, 3, 3, 3, 3, 3, 3, 3, 3, 3, 3, 3, 3, 3, 3, 3, 3, 3, 3, 3, 3, 3, 3, 3, 3, 3, 3, 3, 3, 3, 3, 3, 3, 3, 3, 3, 3, 3, 3, 3, 3, 3, 3, 3, 3, 3, 3, 3, 3, 3, 3, 3, 3, 3, 3, 3, 3, 3, 3, 3, 3, 3, 3, 3, 3, 3, 3, 3, 3, 3, 3, 3, 3, 3, 3, 3, 3, 3, 3, 3, 3, 3, 3, 3, 3, 3, 3, 3, 3, 3, 3, 3, 3, 3, 3, 3, 3, 3, 3, 3, 3, 3, 3, 3, 3, 3, 3, 3, 3, 3, 3, 3, 3, 3, 3, 3, 3, 3, 3, 3, 3, 3, 3, 3, 3, 3, 3, 3, 3, 3, 3, 3, 3, 3, 3, 3, 3, 3, 3, 3, 3, 3, 3, 3, 3, 3, 3, 3, 3, 3, 3, 3, 3, 3, 3, 3, 3, 3, 3, 3, 3, 3, 3, 3, 3, 3]

VALIDATION METRICS (Best Epoch):
==============================
accuracy_score: 0.2353
top_1_accuracy: 0.2353
top_3_accuracy: 0.7647
precision_micro: 0.2353
precision_macro: 0.0588
precision_weighted: 0.0554
recall_micro: 0.2353
recall_macro: 0.2500
recall_weighted: 0.2353
f1_micro: 0.2353
f1_macro: 0.0952
f1_weighted: 0.0896
auc_micro: 0.5600
auc_macro: 0.7719
auc_weighted: 0.7851
loss: 1.4952

TEST METRICS:
=============
accuracy_score: 0.2083
top_1_accuracy: 0.2083
top_3_accuracy: 0.7917
precision_micro: 0.2083
precision_macro: 0.0521
precision_weighted: 0.0434
recall_micro: 0.2083
recall_macro: 0.2500
recall_weighted: 0.2083
f1_micro: 0.2083
f1_macro: 0.0862
f1_weighted: 0.0718
auc_micro: 0.5719
auc_macro: 0.8100
auc_weighted: 0.8225

TRAINING TIME:
=============
Total training time: 0:03:45
Average time per epoch: 112.96 seconds
